((("tramp-chunksize" .
   [0 0 0 0 0 0 0 0 0 0 0 1 0 0 0])
  ("errors" .
   [1 0 0 0 0 0])
  ("how" .
   [1 0 0])
  ("kickout" .
   [2 0 0 0 0 0 0])
  ("improve" .
   [1 0 0 0 0 0 0])
  ("can" .
   [1 0 0])
  ("higher" .
   [1 0 0 0 0 0])
  ("high" .
   [1 0 0 0])
  ("v" .
   [1])
  ("gift" .
   [1 0 0 0])
  ("do" .
   [1 0])
  ("concession" .
   [2 0 0 0 0 0 0 0 0 0])
  ("GDP" .
   [2 0 0])
  ("IAV" .
   [2 0 0])
  ("I" .
   [2])
  ("multicolumn" .
   [1 0 0 0 0 0 0 0 0 0 0])
  ("multicol" .
   [1 0 0 0 0 0 0 0])
  ("vspace" .
   [1 0 1 0 0 0])
  ("-0" .
   [3 0])
  ("1cm" .
   [1 0 0])
  ("ll" .
   [1 0])
  ("tabular" .
   [2 0 0 0 0 0 0])
  ("subsection" .
   [1 0 0 0 0 0 0 0 0 0])
  ("tcr" .
   [1 0 0])
  ("E" .
   [1])
  ("printf" .
   [2 0 0 0 0 0])
  ("cudaFree" .
   [1 0 0 0 0 0 0 0])
  ("ad" .
   [1 0])
  ("dimBlock" .
   [1 0 0 0 0 0 0 0])
  ("dimGrid" .
   [1 0 0 0 0 0 0])
  ("hello" .
   [1 0 0 0 0])
  ("dim3" .
   [1 0 0 0])
  ("blocksize" .
   [1 0 0 0 0 0 0 0 0])
  ("cudaMemcpy" .
   [0 0 0 0 0 2 0 0 0 1])
  ("cuda" .
   [1 0 0 0])
  ("isize" .
   [2 0 0 0 0])
  ("cudaMalloc" .
   [1 0 0 0 0 0 0 0 0 0])
  ("csize" .
   [3 0 0 0 0])
  ("tiny" .
   [1 0 0 0])
  ("small" .
   [2 0 0 0 0])
  ("5em" .
   [2 0 0])
  ("hspace" .
   [2 0 0 0 0 0])
  ("hfill" .
   [2 0 0 0 0])
  ("Table" .
   [2 0 0 0 0])
  ("finitesample" .
   [2 0 0 0 0 0 0 0 0 0 0 0])
  ("tbl" .
   [2 0 0])
  ("Proof" .
   [1 0 0 0 0])
  ("proof" .
   [1 0 0 0 0])
  ("theorem" .
   [1 0 0 0 0 0 0])
  ("out2" .
   [1 0 0 0])
  ("o" .
   [3])
  ("ztemp1" .
   [1 0 0 0 0 0])
  ("ztemp" .
   [1 0 0 0 0])
  ("outm" .
   [5 0 0 0])
  ("malloc" .
   [1 0 0 0 0 0])
  ("len1" .
   [2 0 0 0])
  ("mxCreateDoubleMatrix" .
   [0 0 0 0 0 0 0 0 0 1 0 0 0 1 0 1 0 0 0 0])
  ("iid" .
   [2 0 0])
  ("type1" .
   [2 0 0 0 0])
  ("s_in" .
   [2 0 0 0])
  ("type_in" .
   [1 0 0 0 0 0 0])
  ("sgmother" .
   [4 0 0 0 0 0 0 0])
  ("G" .
   [1])
  ("mexCallMATLAB" .
   [0 0 0 0 1 1 0 1 1 0 0 0 0])
  ("n_in" .
   [1 0 0 0])
  ("mxGetScalar" .
   [0 0 0 0 0 1 0 4 2 0 0])
  ("len_in" .
   [4 0 0 0 0 0])
  ("T_in" .
   [1 0 0 0])
  ("define" .
   [15 0 0 0 0 0])
  ("mex" .
   [1 0 0])
  ("learning" .
   [1 0 0 0 0 0 0 0])
  ("machine" .
   [1 0 0 0 0 0 0])
  ("processing" .
   [1 0 0 0 0 0 0 0 0 0])
  ("experience" .
   [1 0 0 0 0 0 0 0 0 0])
  ("want" .
   [1 0 0 0])
  ("there" .
   [1 0 0 0 0])
  ("But" .
   [1 0 0])
  ("day" .
   [1 0 0])
  ("different" .
   [1 0 0 0 0 0 0 0 0])
  ("many" .
   [1 0 0 0])
  ("given" .
   [1 0 0 0 0])
  ("com" .
   [1 0 0])
  ("customer" .
   [1 0 0 0 0 0 0 0])
  ("eHarmony" .
   [0 0 0 0 0 0 1 0])
  ("user" .
   [1 0 0 0])
  ("first" .
   [1 0 0 0 0])
  ("work" .
   [1 0 0 0])
  ("summer" .
   [1 0 0 0 0 0])
  ("xi" .
   [1 0])
  ("sigma" .
   [1 0 0 0 0])
  ("text" .
   [9 0 0 0])
  ("underset" .
   [2 0 0 0 0 0 0 0])
  ("infty" .
   [5 0 0 0 0])
  ("its" .
   [1 0 0])
  ("vert" .
   [4 0 0 0])
  ("maximum" .
   [1 0 0 0 0 0 0])
  ("bold" .
   [2 0 0 0])
  ("|" .
   [2])
  ("vector" .
   [1 0 0 0 0 0])
  ("int" .
   [1 0 0])
  ("phi" .
   [1 0 0])
  ("Vert" .
   [4 0 0 0])
  ("measurable" .
   [1 0 0 0 0 0 0 0 0 0])
  ("any" .
   [2 0 0])
  ("norm" .
   [2 0 0 0])
  ("supremum" .
   [1 0 0 0 0 0 0 0])
  ("sigma0" .
   [3 0 0 0 0 0])
  ("resources" .
   [1 0 0 0 0 0 0 0 0])
  ("mismatch" .
   [1 0 0 0 0 0 0 0])
  ("crisis" .
   [1 0 0 0 0 0])
  ("connection" .
   [1 0 0 0 0 0 0 0 0 0])
  ("it" .
   [4 0])
  ("whether" .
   [2 0 0 0 0 0 0])
  ("indicate" .
   [1 0 0 0 0 0 0 0])
  ("enough" .
   [1 0 0 0 0 0])
  ("index" .
   [1 0 0 0 0])
  ("countries" .
   [1 0 0 0 0 0 0 0 0])
  ("others" .
   [1 0 0 0 0 0])
  ("Secondly" .
   [1 0 0 0 0 0 0 0])
  ("impact" .
   [1 0 0 0 0 0])
  ("smaller" .
   [1 0 0 0 0 0 0])
  ("rate" .
   [3 0 0 0])
  ("also" .
   [1 0 0 0])
  ("itself" .
   [1 0 0 0 0 0])
  ("as" .
   [2 0])
  ("bank" .
   [1 0 0 0])
  ("when" .
   [1 0 0 0])
  ("analysis" .
   [1 0 0 0 0 0 0 0])
  ("empirical" .
   [1 0 0 0 0 0 0 0 0])
  ("recent" .
   [1 0 0 0 0 0])
  ("advantage" .
   [1 0 0 0 0 0 0 0 0])
  ("central" .
   [2 0 0 0 0 0 0])
  ("future" .
   [1 0 0 0 0 0])
  ("variables" .
   [1 0 0 0 0 0 0 0 0])
  ("instrument" .
   [1 0 0 0 0 0 0 0 0 0])
  ("ex" .
   [1 0])
  ("money" .
   [1 0 0 0 0])
  ("make" .
   [1 0 0 0])
  ("economy" .
   [1 0 0 0 0 0 0])
  ("increasing" .
   [1 0 0 0 0 0 0 0 0 0])
  ("CPI" .
   [1 0 0])
  ("st" .
   [1 0])
  ("pri" .
   [2 0 0])
  ("still" .
   [2 0 0 0 0])
  ("target" .
   [2 0 0 0 0 0])
  ("prior" .
   [1 0 0 0 0])
  ("specifically" .
   [1 0 0 0 0 0 0 0 0 0 0 0])
  ("More" .
   [1 0 0 0])
  ("extend" .
   [2 0 0 0 0 0])
  ("suggests" .
   [1 0 0 0 0 0 0 0])
  ("we" .
   [1 0])
  ("above" .
   [1 0 0 0 0])
  ("results" .
   [1 0 0 0 0 0 0])
  ("Based" .
   [1 0 0 0 0])
  ("which" .
   [1 0 0 0 0])
  ("sufficient" .
   [1 0 0 0 0 0 0 0 0 0])
  ("macroeconomics" .
   [1 0 0 0 0 0 0 0 0 0 0 0 0 1])
  ("response" .
   [1 0 0 0 0 0 0 0])
  ("under" .
   [1 0 0 0 0])
  ("both" .
   [1 0 0 0])
  ("China" .
   [1 0 0 0 0])
  ("transmission" .
   [1 0 0 0 0 0 0 0 0 0 0 0])
  ("tunnel" .
   [2 0 0 0 0 0])
  ("credit" .
   [3 0 0 0 0 0])
  ("interest" .
   [2 0 0 0 0 0 0 0])
  ("exists" .
   [2 0 0 0 0 0])
  ("crucial" .
   [1 0 0 0 0 0 0])
  ("significant" .
   [2 0 0 0 0 0 0 0 0 0 0])
  ("becomes" .
   [1 0 0 0 0 0 0])
  ("macro" .
   [1 0 0 0 0])
  ("effect" .
   [1 0 0 0 0 0])
  ("stability" .
   [1 0 0 0 0 0 0 0 0])
  ("past" .
   [2 0 0 0])
  ("about" .
   [1 0 0 0 0])
  ("only" .
   [1 0 0 0])
  ("not" .
   [3 0 0])
  ("price" .
   [4 0 0 0 0])
  ("house" .
   [4 0 0 0 0])
  ("change" .
   [1 0 0 0 0 0])
  ("macroeconomic" .
   [0 0 0 0 0 0 0 1 0 0 0 0 1])
  ("information" .
   [4 0 0 0 0 0 0 0 0 0 0])
  ("current" .
   [1 0 0 0 0 0 0])
  ("he" .
   [3 0])
  ("considers" .
   [1 0 0 0 0 0 0 0 0])
  ("monetary" .
   [8 0 0 0 0 0 0 0])
  ("If" .
   [1 0])
  ("smoother" .
   [3 0 0 0 0 0 0 0])
  ("inflation" .
   [2 0 0 0 0 0 0 0 0])
  ("gap" .
   [1 0 0])
  ("output" .
   [1 0 0 0 0 0])
  ("reaction" .
   [1 0 0 0 0 0 0 0])
  ("cp$resid" .
   [0 0 0 1 0 0 0 0])
  ("mean" .
   [3 0 0 0])
  ("iter" .
   [1 0 0 0])
  ("cp$model$psgarch$model$estimate" .
   [0 0 0 0 0 0 0 0 0 0 0 0 0 0 0 0 0 0 0 0 0 0 0 0 1 0 0 0 0 0 0])
  ("cp$model$psgarch$model" .
   [0 0 0 0 0 0 0 0 0 0 0 0 0 0 0 0 0 1 0 0 0 0])
  ("cp$model$psgarch$estimate" .
   [0 0 0 0 0 0 0 0 0 0 0 0 0 0 0 0 0 0 0 1 0 0 0 0 0])
  ("cp$model$psgarch$coefnpar" .
   [0 0 0 0 0 0 0 0 0 0 0 0 0 0 0 0 0 0 0 0 0 0 1 0 0])
  ("cp$model$psgarch$coefpar" .
   [0 0 0 0 0 0 0 0 0 0 0 0 0 0 0 0 0 1 0 0 0 0 0 0])
  ("cp$model$psgarch" .
   [0 0 0 0 0 0 0 0 0 1 0 0 0 0 0 0])
  ("cp$model" .
   [0 0 0 0 1 0 0 0])
  ("cp" .
   [3 0])
  ("last" .
   [1 0 0 0])
  ("simu$cr" .
   [1 0 0 0 0 0 0])
  ("simu" .
   [1 0 0 0])
  ("cp$cr" .
   [10 0 0 1 0])
  ("yr" .
   [1 0])
  ("y_hat" .
   [1 0 0 0 0])
  ("fitted_semigarch" .
   [1 0 0 0 0 0 0 0 0 0 0 0 0 0 0 0])
  ("fitted" .
   [1 0 0 0 0 0])
  ("resid2" .
   [1 0 0 0 0 0])
  ("criteria" .
   [1 0 0 0 0 0 0 0])
  ("ylim" .
   [7 0 0 0])
  ("cp$rlsgarch" .
   [0 0 0 1 0 1 0 0 0 0 0])
  ("with" .
   [3 0 0 0])
  ("xyplot" .
   [3 0 0 0 0 0])
  ("d1" .
   [1 0])
  ("resid" .
   [16 0 0 0 0])
  ("resid1" .
   [4 0 0 0 0 0])
  ("as.vector" .
   [1 0 0 0 0 1 0 0 0])
  ("length<-" .
   [0 0 0 0 0 0 1 0])
  ("dlnorm" .
   [0 0 1 0 0 0])
  ("rgarch" .
   [2 0 0 0 0 0])
  ("rbind" .
   [5 0 0 0 0])
  ("rlsgarch" .
   [2 0 0 0 0 0 0 0])
  ("lag_y" .
   [3 0 0 0 0])
  ("model" .
   [1 0 0 0 0])
  ("diff" .
   [1 0 0 0])
  ("s$coef" .
   [1 0 0 0 0 0])
  ("garch" .
   [2 0 0 0 0])
  ("max" .
   [3 0 0])
  ("2:l" .
   [3 0 0])
  ("mfrow" .
   [1 0 0 0 0])
  ("par" .
   [3 0 0])
  ("type" .
   [2 0 0 0])
  ("X11" .
   [1 0 1])
  ("attach" .
   [1 0 0 0 0 0])
  ("order" .
   [4 0 1 0 0])
  ("garchcompare" .
   [1 0 0 0 0 0 0 0 0 0 0 0])
  ("compare" .
   [1 0 0 0 0 0 0])
  ("policy" .
   [7 0 0 0 0 0])
  ("sum" .
   [8 0 0])
  ("ise$ise" .
   [2 0 0 0 0 0 0])
  ("ise" .
   [3 0 0])
  ("ISE" .
   [0 0 1])
  ("results$knots" .
   [1 0 0 0 0 0 0 0 0 0 0 0 0])
  ("as.matrix" .
   [2 0 0 0 0 0 0 0 0])
  ("num" .
   [5 0 0])
  ("parise" .
   [1 0 0 0 0 0])
  ("n_npv" .
   [2 0 0 0 0])
  ("garchise" .
   [1 0 0 0 0 0 0 0])
  ("a4" .
   [2 0])
  ("a3" .
   [1 0])
  ("a2" .
   [2 0])
  ("truefunctional" .
   [3 0 0 0 2 1 0 0 0 0 0 0 0 0])
  ("predgarch" .
   [1 0 0 0 0 0 0 0 0])
  ("data$Z1" .
   [1 0 0 0 0 0 0])
  ("Y" .
   [2])
  ("sigma2" .
   [1 0 0 0 0 0])
  ("pred" .
   [2 0 0 0])
  ("data$Z2" .
   [0 0 0 0 0 1 0])
  ("d$Z1" .
   [0 0 0 1])
  ("n:" .
   [3 0])
  ("nrow" .
   [4 0 0 0])
  ("y" .
   [2])
  ("semigarchex" .
   [0 0 0 1 0 0 0 0 0 0 0])
  ("result" .
   [3 0 0 0 0 0])
  ("Z2" .
   [1 2])
  ("Z1" .
   [2 0])
  ("d$Y" .
   [2 0 2])
  ("0.1" .
   [2 0 0])
  ("a1" .
   [4 0])
  ("z2" .
   [1 0])
  ("runif" .
   [2 0 0 0 0])
  ("z1" .
   [2 0])
  ("data.generate" .
   [1 0 0 0 0 3 1 1 0 0 0 0 0])
  ("30pm-6" .
   [1 0 0 0 0 0])
  ("Method" .
   [0 0 0 0 0 1])
  ("Robust" .
   [0 0 0 0 1 0])
  ("Nonparametric" .
   [0 0 0 0 0 0 1 0 0 0 0 0 0])
  ("Thurs" .
   [2 0 0 0 0])
  ("Tues" .
   [3 0 0 0])
  ("Level" .
   [1 0 0 0 0])
  ("Statistics" .
   [1 0 0 0 0 0 0 0 0 1])
  ("Topics" .
   [1 0 0 0 0 0])
  ("00pm-5" .
   [2 0 0 0 0 0])
  ("Stat" .
   [3 0 0 0])
  ("45pm" .
   [2 0 0 0])
  ("Analysis" .
   [2 0 0 0 0 0 0 0])
  ("15pm" .
   [3 0 0 0])
  ("Abstract" .
   [1 0 0 0 0 0 0 0])
  ("Wed" .
   [4 0 0])
  ("Mon" .
   [4 0 0])
  ("Math" .
   [4 0 0 0])
  ("source" .
   [7 0 0 0 0 0])
  ("predict.lm" .
   [1 0 0 0 0 0 0 0 1 0])
  (":" .
   [2])
  ("av" .
   [7 0])
  ("l2" .
   [5 0])
  ("l1" .
   [7 0])
  ("prediction" .
   [3 0 0 0 0 0 0 0 0 0])
  ("New" .
   [1 0 0])
  ("Time" .
   [1 0 0 0])
  ("song" .
   [1 0 0 0])
  ("-" .
   [1])
  ("w" .
   [1])
  ("usepackage" .
   [1 0 0 0 1 0 0 0 0 0])
  ("DW\256\274\205\300\243\271\360Rz\235\370\260Irp\210" .
   [0 0 1 0 0 0 0 0 0 0 0 0 0 0 0 0 0 0])
  ("D" .
   [2])
  ("2$$" .
   [0 0 1])
  ("J" .
   [1])
  ("Hansen" .
   [1 0 0 0 0 0])
  ("C" .
   [1])
  ("F3" .
   [1 0])
  ("m2_gap" .
   [1 0 0 0 0 0])
  ("-1" .
   [1 0])
  ("si" .
   [2 0])
  ("Lag" .
   [1 0 0])
  ("hp_gap" .
   [2 0 0 0 0 0])
  ("gdp_gap" .
   [1 0 0 0 0 0 0])
  ("cpi_growth" .
   [1 0 0 0 0 0 0 0 0 0])
  ("L1" .
   [1 0])
  ("Definition" .
   [1 0 0 0 0 0 0 0 0 0])
  ("d" .
   [12])
  ("getline" .
   [1 0 0 0 0 0 0])
  ("cin" .
   [1 0 0])
  ("get" .
   [1 0 0])
  ("pattern" .
   [4 0 0 0 0 0 0])
  ("std" .
   [1 0 0])
  ("name" .
   [2 0 0 0])
  ("iostream" .
   [1 0 0 0 0 0 0 0])
  ("ij" .
   [1 0])
  ("summary" .
   [8 0 0 0 0 0 1])
  ("BB2" .
   [1 0 0])
  ("cbind" .
   [10 0 0 0 0])
  ("ghat$coefficients" .
   [1 0 0 0 0 0 0 0 0 1 0 0 0 0 0 0 0])
  ("sse" .
   [2 0 0])
  ("exp" .
   [2 0 0])
  ("ss" .
   [6 0])
  ("data.frame" .
   [5 0 0 0 0 0 0 0 0 0])
  ("BB1" .
   [3 0 0])
  ("ghat" .
   [3 0 0 0])
  ("bbas1" .
   [1 0 0 0 0])
  ("B1" .
   [5 0])
  ("6:n" .
   [1 0 0])
  ("predict" .
   [5 0 0 0 0 0 0])
  ("bbas" .
   [1 0 0 0])
  ("B" .
   [1])
  ("sp500$year" .
   [2 0 0 0 0 0 0 0 0 0])
  ("time$month" .
   [0 0 0 0 0 0 1 0 0 0])
  ("time$Month" .
   [1 0 0 0 0 0 0 0 0 0])
  ("time" .
   [9 0 0 0])
  ("pol$Month" .
   [1 0 0 0 0 0 0 0 0])
  ("pol$Year" .
   [1 0 0 0 0 0 0 0])
  ("as.name" .
   [0 0 0 0 0 1 0])
  ("nm2" .
   [1 0 0])
  ("r" .
   [1])
  ("time$year" .
   [3 0 0 0 0 0 0 0 0])
  ("print" .
   [2 0 0 0 0])
  ("Year" .
   [1 0 0 0])
  ("as.na" .
   [2 0 0 0 0])
  ("npol" .
   [1 0 0 0])
  ("year" .
   [1 0 0 0])
  ("TRUE" .
   [1 0 0 0])
  ("while" .
   [1 0 0 0 0])
  ("sp500$ym" .
   [6 0 0 0 0 0 0 0])
  ("j" .
   [20])
  ("break" .
   [9 0 0 0 0])
  ("dim" .
   [29 0 1])
  ("M1a" .
   [2 1 0])
  ("ym" .
   [10 0])
  ("if" .
   [15 0])
  ("1:m" .
   [1 0 0])
  ("seq" .
   [4 0 0])
  ("m2" .
   [7 0])
  ("length" .
   [62 1 0 0 0 0])
  ("new" .
   [1 0 0])
  ("head" .
   [19 0 0 0])
  ("sp500" .
   [9 0 0 0 0])
  ("header" .
   [1 0 0 0 0 0])
  ("read.csv" .
   [1 0 0 0 0 0 0 0])
  ("m2data_work.csv" .
   [0 0 2 0 0 0 0 0 0 0 0 0 0 0 0])
  ("ths" .
   [1 0 0])
  ("org-latex-cn" .
   [1 0 0 0 0 0 0 0 0 0 0 0])
  ("height" .
   [1 0 0 0 0 0])
  ("eps" .
   [1 0 0])
  ("ncstate1" .
   [1 0 0 0 0 0 0 0])
  ("img/risk" .
   [2 0 0 0 0 0 0 0])
  ("width=2" .
   [2 0 0 0 0 0 0])
  ("width" .
   [1 0 0 0 0])
  ("5in" .
   [4 0 0])
  ("height=2" .
   [1 0 0 0 0 0 0 0])
  ("includegraphics" .
   [0 0 0 0 0 0 0 0 0 1 1 0 0 0 0])
  ("n" .
   [5])
  ("more" .
   [4 0 0 0])
  ("trees" .
   [1 0 0 0 0])
  ("other" .
   [1 0 0 0 0])
  ("have" .
   [2 0 0 0])
  ("help" .
   [8 0 0 0])
  ("will" .
   [1 0 0 0])
  ("cross" .
   [1 0 0 0 0])
  ("difficult" .
   [1 0 0 0 0 0 0 0 0])
  ("very" .
   [1 0 0 0])
  ("are" .
   [1 0 0])
  ("boundaries" .
   [1 0 0 0 0 0 0 0 0 0])
  ("their" .
   [1 0 0 0 0])
  ("but" .
   [1 0 0])
  ("similar" .
   [1 0 0 0 0 0 0])
  ("road" .
   [4 0 0 0])
  ("and" .
   [9 0 0])
  ("has" .
   [4 0 0])
  ("roof" .
   [2 0 0 0])
  ("i" .
   [23])
  ("points" .
   [1 0 0 0 0 0])
  ("all" .
   [4 0 0])
  ("case" .
   [1 0 0 0])
  ("In" .
   [1 0])
  ("T" .
   [1])
  ("point" .
   [1 0 0 0 0])
  ("one" .
   [1 0 0])
  ("detect" .
   [1 0 0 0 0 0])
  ("for" .
   [10 0 0])
  ("uses" .
   [1 0 0 0])
  ("Risk" .
   [1 0 0 0])
  ("map" .
   [2 0 0])
  ("risk" .
   [4 0 0 0])
  ("generate" .
   [1 0 0 0 0 0 0 0])
  ("idea" .
   [1 0 0 0])
  ("There" .
   [4 0 0 0 0])
  ("difficulty" .
   [1 0 0 0 0 0 0 0 0 0])
  ("pixel" .
   [1 0 0 0 0])
  ("out" .
   [9 0 0])
  ("moving" .
   [2 0 0 0 0 0])
  ("to" .
   [6 0])
  ("difficulties" .
   [1 0 0 0 0 0 0 0 0 0 0 0])
  ("Consider" .
   [1 0 0 0 0 0 0 0])
  ("frame" .
   [3 0 0 0 0])
  ("end{axiom}" .
   [1 0 0 0 0 0 0 0 0 0])
  ("e" .
   [6])
  ("itemize" .
   [3 0 0 0 0 0 0])
  ("newpage" .
   [1 0 0 0 0 0 0])
  ("enumerate" .
   [2 0 0 0 0 0 0 0 0])
  ("end" .
   [9 0 0])
  ("post" .
   [1 0 0 0])
  ("of" .
   [13 0])
  ("Recipe" .
   [1 0 0 0 0 0])
  ("centering" .
   [3 0 0 0 0 0 0 0 0])
  ("b" .
   [7])
  ("Galleries" .
   [2 0 0 0 0 0 0 0 0])
  ("Introduction" .
   [2 0 0 0 0 0 0 0 0 0 0 0])
  ("Image" .
   [2 0 0 0 0])
  ("the" .
   [17 0 0])
  ("Processing" .
   [1 0 0 0 0 0 0 0 0 0])
  ("frametitle" .
   [3 0 0 0 0 0 1 1 0 0])
  ("main" .
   [6 0 0 0])
  ("imsm" .
   [1 0 0 0])
  ("org-latex-imsm" .
   [0 0 0 0 0 0 0 0 0 0 1 0 0 0])
  ("load" .
   [1 0 0 0])
  ("hbeamer" .
   [1 0 0 0 0 0 0])
  ("+begin_latex" .
   [1 0 0 0 0 0 0 0 0 0 0 0])
  ("article" .
   [3 0 0 0 0 0 0])
  ("load-file" .
   [0 0 0 0 0 0 1 0 0])
  ("l" .
   [28])
  ("cdlatex-tab" .
   [1 0 0 0 0 0 0 0 0 0 0])
  ("kbd" .
   [1 0 0])
  ("[]" .
   [1 0])
  ("global-set-key" .
   [0 0 0 0 0 0 0 0 0 0 0 1 0 0])
  ("0.5" .
   [1 0 0])
  ("F" .
   [2])
  ("fires" .
   [1 0 0 0 0])
  ("data" .
   [8 0 0 0])
  ("using" .
   [1 0 0 0 0])
  ("from" .
   [3 0 0 0])
  ("A" .
   [1])
  ("z" .
   [4])
  ("library" .
   [3 0 0 0 0 0 0])
  ("function" .
   [8 0 0 0 0 0 0 0])
  ("mu_1-" .
   [1 0 0 0 0])
  ("t_d" .
   [1 0 0])
  ("frac" .
   [2 0 0 1])
  ("geq" .
   [2 0 0])
  ("alpha" .
   [3 0 0 0 0])
  ("install.packages" .
   [0 0 0 0 0 0 0 0 1 0 0 0 0 0 0 0])
  ("ls" .
   [2 0])
  ("plot" .
   [7 0 0 0])
  ("rnorm" .
   [4 0 0 0 0])
  ("lm" .
   [4 0])
  ("rm" .
   [5 0])
  ("cd" .
   [1 0])
  ("cdlatex-environment" .
   [0 0 0 0 0 0 0 1 0 0 0 0 0 0 0 0 0 0 0])
  ("add-hook" .
   [2 0 0 0 0 0 0 0])
  ("org-mode-hook" .
   [1 0 0 0 0 0 0 0 0 0 0 0 0])
  ("turn-on-org-cdlatex" .
   [0 0 0 0 0 0 0 0 0 0 0 0 0 1 0 0 0 0 0])
  ("begin" .
   [9 0 0 0 0])
  ("c" .
   [11])
  ("a" .
   [6])
  ("cdlatex" .
   [1 0 0 0 0 0 0])
  ("cout" .
   [10 0 0 0])
  ("endl" .
   [6 0 0 0])
  ("t" .
   [19])
  ("in" .
   [47 1])
  ("s" .
   [24])
  ("test" .
   [13 0 0 0])
  ("p" .
   [11])
  ("test2" .
   [1 0 0 0 0])
  ("Stitch" .
   [1 0 0 0 0 0])
  ("f" .
   [5])
  ("This" .
   [3 0 0 1])
  ("this" .
   [4 0 0 0])
  ("left" .
   [5 0 0 0])
  ("array" .
   [4 0 0 0 0])
  ("cc" .
   [1 0])
  ("beta" .
   [1 0 0 0])
  ("right" .
   [5 0 0 0 0])
  ("is" .
   [12 1])
  ("what" .
   [2 0 0 0])
  ("need" .
   [1 0 0 0])
  ("ref" .
   [7 0 0])
  ("thest" .
   [1 0 0 0 0])
  ("document" .
   [1 0 0 0 0 0 0 0])
  ("/Entropy/" .
   [1 0 0 0 0 0 0 0 0])
  ("defined" .
   [1 0 0 0 0 0 0])
  ("following" .
   [1 0 0 0 0 0 0 0 0])
  ("process" .
   [1 0 0 0 0 0 0])
  ("pixels" .
   [2 0 0 0 0 0])
  ("an" .
   [2 0])
  ("image" .
   [1 0 0 0 0])
  ("based" .
   [2 0 0 0 0])
  ("on" .
   [3 0])
  ("some" .
   [3 0 0 0])
  ("local" .
   [1 0 0 0 0])
  ("include" .
   [14 0 0 0 0 0 0])
  ("math" .
   [4 0 0 0])
  ("m" .
   [13])
  ("cons" .
   [2 0 0 0])
  ("mxArray" .
   [4 0 0 0 0 0 0])
  ("require" .
   [8 0 0 0 0 0 0])
  ("ibus" .
   [1 0 0 0])
  ("after-init-hook" .
   [1 0 0 0 0 0 0 0 0 0 0 0 0 0 0])
  ("ibus-mode-on" .
   [1 0 0 0 0 0 0 0 0 0 0 0])
  ("time$ym" .
   [1 0 0 0 0 0 0])
  ("next" .
   [4 0 0 0])
  ("write" .
   [3 0 0 0 0])
  ("write.csv" .
   [1 0 0 0 0 0 0 0 0])
  ("is.na" .
   [3 0 0 0 0])
  ("sp" .
   [3 0])
  ("else" .
   [3 0 0 0])
  ("Policy" .
   [0 0 1 0 0 0])
  ("M2a" .
   [1 0 0])
  ("m2a" .
   [1 0 0])
  ("colnames" .
   [0 0 0 0 0 0 1 0])
  ("position" .
   [5 0 0 0 0 0 0 0])
  ("abs" .
   [5 0 0])
  ("until" .
   [2 0 0 0 0])
  ("flag" .
   [17 0 0 0])
  ("The" .
   [1 0 0])
  ("dection" .
   [1 0 0 0 0 0 0])
  ("rough" .
   [1 0 0 0 0])
  ("approximation" .
   [1 0 0 0 0 0 0 0 0 0 0 0 0])
  ("key-chord" .
   [1 0 0 0 0 0 0 0 0])
  ("key-chord-mode" .
   [1 0 0 0 0 0 0 0 0 0 0 0 0 0])
  ("key-chord-define" .
   [1 0 0 0 0 0 0 0 0 0 0 0 0 0 0 0])
  ("evil-insert-state-map" .
   [1 0 0 0 0 0 0 0 0 0 0 0 0 0 0 0 0 0 0 0 0])
  ("evil-normal-state" .
   [1 0 0 0 0 0 0 0 0 0 0 0 0 0 0 0 0])
  ("evil-mode" .
   [1 0 0 0 0 0 0 0 0])
  ("s1" .
   [5 0])
  ("strlen" .
   [2 0 0 0 0 0])
  ("s2" .
   [1 0])
  ("Networked" .
   [0 0 0 0 0 0 0 1 0])
  ("smex-initialize" .
   [0 0 0 0 0 0 0 0 0 0 1 0 0 0 0])
  ("smex" .
   [1 0 0 0])
  ("lag" .
   [26 0 0])
  ("knots" .
   [9 0 0 0 0])
  ("npv" .
   [12 0 0])
  ("log" .
   [5 0 0])
  ("N" .
   [5])
  ("Nn" .
   [12 0])
  ("NULL" .
   [11 0 0 0])
  ("double" .
   [3 0 0 0 0 0])
  ("lsp" .
   [1 0 0])
  ("reshape" .
   [1 0 0 0 0 0 0])
  ("matrix" .
   [1 0 0 0 0 0])
  ("rep" .
   [1 0 0])
  ("quantile" .
   [2 0 0 0 0 0 0 0])
  ("list" .
   [7 0 0 0])
  ("temp" .
   [6 0 0 0])
  ("bs" .
   [1 0])
  ("Boundary.knots" .
   [0 0 0 0 0 0 0 0 1 0 0 0 0 0])
  ("bb" .
   [4 0])
  ("pv" .
   [11 0])
  ("1:lag" .
   [3 0 0 0 0])
  (":l" .
   [5 0])
  ("y1" .
   [4 0])
  ("1:" .
   [4 0])
  ("coefficients" .
   [0 0 1 2 0 0 0 0 0 0 0 2])
  ("coefficient" .
   [1 0 0 0 0 0 0 0 0 0 1])
  ("2:" .
   [1 0])
  ("pvd" .
   [1 0 0])
  ("provide" .
   [1 0 0 0 0 0 0])
  ("orgarticle" .
   [0 0 0 0 0 0 1 0 0 0])
  ("labe" .
   [1 0 0 0])
  ("label" .
   [8 0 0 0 0])
  ("realnum" .
   [5 0 0 0 0 0 0])
  ("real" .
   [2 0 0 0])
  ("now" .
   [7 0 0])
  ("number" .
   [1 0 0 0 0 0])
  ("sqrt" .
   [1 0 0 0])
  ("gamma" .
   [10 0 1 0 0])
  ("elements" .
   [1 0 0 0 0 0 0 0])
  ("len" .
   [15 0 0])
  ("prhs" .
   [15 0 0 0])
  ("g" .
   [1])
  ("ytemp" .
   [4 0 0 0 0])
  ("dimension" .
   [0 0 0 0 1 0 0 0 0])
  ("plhs" .
   [3 0 0 0])
  ("mwSize" .
   [1 0 0 0 0 0])
  ("dimgamma" .
   [8 0 0 0 1 0 0 0])
  ("pind" .
   [1 0 0 0])
  ("mxGetPr" .
   [4 0 1 0 0 0 0])
  ("dimtemp" .
   [4 0 0 0 0 0 0])
  ("hat" .
   [2 0 0])
  ("tilde" .
   [8 0 0 0 0])
  ("mathbf" .
   [10 0 0 0 0 0])
  ("theta" .
   [7 0 0 0 0])
  ("zeta" .
   [1 0 0 0])
  ("tempgamma" .
   [2 0 0 0 0 0 0 0 0])
  ("newdoublematrix" .
   [1 0 0 0 0 0 0 0 0 0 0 1 0 0 0])
  ("mxREAL" .
   [1 0 0 0 0 0])
  ("boot" .
   [9 0 0 0])
  ("N_in" .
   [1 0 0 0])
  ("boot_in" .
   [1 0 0 0 0 0 0])
  ("boottemp_out" .
   [2 0 0 0 0 0 0 0 0 1 0 0])
  ("len2" .
   [7 0 0 0])
  ("len2_in" .
   [1 0 0 0 0 0 0])
  ("block" .
   [1 0 0 0 0])
  ("ssh" .
   [0 0 1])
  ("flag2" .
   [1 0 0 0 0])
  ("boottemp" .
   [2 0 0 0 0 0 0 0])
  ("mexPrintf" .
   [0 0 0 0 0 4 0 0 0])
  ("inc" .
   [4 0 0])
  ("key" .
   [3 0 0])
  ("DBL_MAX" .
   [1 0 0 0 0 0 0])
  ("mergesort" .
   [2 0 0 0 0 0 0 0 0])
  ("merge" .
   [2 0 0 0 0])
  ("insertsort" .
   [1 0 0 0 0 0 0 0 0 0])
  ("floor" .
   [1 0 0 0 0])
  ("large" .
   [7 0 0 0 0])
  ("h" .
   [2])
  ("heapmax" .
   [3 0 0 0 0 0 0])
  ("buildheap" .
   [1 0 0 0 0 0 0 0 0])
  ("tramp" .
   [1 0 0 0 0])
  ("setq" .
   [2 0 0 0])
  ("tramp-default-method" .
   [0 0 0 0 0 0 0 0 0 0 0 0 0 0 0 0 0 0 0 1])
  ("add-to-list" .
   [1 0 0 0 0 0 0 0 0 0 0])
  ("add" .
   [2 0 0])
  ("dev_c" .
   [4 0 0 0 0])
  ("socket" .
   [2 0 0 0 1 2])
  ("fcntl" .
   [1 0 0 0 0])
  ("struct" .
   [1 0 0 0 0 0])
  ("pack" .
   [1 0 0 0])
  ("ifname" .
   [1 0 0 0 0 0])
  ("get_ip_address" .
   [0 0 0 0 0 0 1 0 0 0 0 0 0 0])
  ("Html_file" .
   [1 0 0 0 0 0 0 0 0])
  ("-m" .
   [1 0])
  ("bba" .
   [4 0 0])
  ("-Y" .
   [1 0])
  ("leq" .
   [1 0 0])
  ("Define" .
   [1 0 0 0 0 0])
  ("bbc" .
   [1 0 0])
  ("cdot" .
   [3 0 0 0])
  ("lp" .
   [2 0])
  ("epsilon" .
   [1 0 0 0 0 0 0])
  ("i-n" .
   [1 0 0])
  ("mbb" .
   [1 0 0])
  ("white" .
   [1 0 0 0 0])
  ("noise" .
   [1 0 0 0 0])
  ("mathbb" .
   [1 0 0 0 0 0])
  ("kl" .
   [2 0])
  ("long" .
   [2 0 0 0])
  ("long-run" .
   [2 0 0 0 0 0 0 0])
  ("newcommand" .
   [2 0 0 0 0 0 0 0 0 0])
  ("argmin" .
   [2 0 0 0 0 0])
  ("P500" .
   [1 0 0 0])
  ("SP" .
   [1 0])
  ("spi" .
   [2 0 0])
  ("Li" .
   [1 0])
  ("table" .
   [3 0 0 0 0])
  ("caption" .
   [1 0 0 0 0 0 0])
  ("1997M1" .
   [1 0 0 0 0 0])
  ("June" .
   [2 0 0 0])
  ("fig1" .
   [3 0 0 0])
  ("Jan" .
   [1 0 0])
  ("footnote" .
   [2 0 0 0 0 0 0 0])
  ("fig2" .
   [1 0 0 0])
  ("fig8b" .
   [1 0 0 0 0])
  ("Research" .
   [1 0 0 0 0 0 0 0])
  ("Institute" .
   [1 0 0 0 0 0 0 0 0])
  ("Finance" .
   [1 0 0 0 0 0 0])
  ("Economics" .
   [1 0 0 0 0 0 0 0 0])
  ("Fig" .
   [1 0 0])))
